      80.0000000000000000      77.0000000000000000      92.0000000000000000     104.0000000000000000     108.0000000000000000      94.0000000000000000     104.0000000000000000      97.0000000000000000     106.0000000000000000      99.0000000000000000     104.0000000000000000      98.0000000000000000      98.0000000000000000
      80.0000000000000000      77.0000000000000000      92.0000000000000000     104.0000000000000000     108.0000000000000000      94.0000000000000000     104.0000000000000000      97.0000000000000000     106.0000000000000000      99.0000000000000000     104.0000000000000000      98.0000000000000000      98.0000000000000000
      80.0000000000000000      77.0000000000000000      92.0000000000000000     104.0000000000000000     108.0000000000000000      94.0000000000000000     104.0000000000000000      97.0000000000000000     106.0000000000000000      99.0000000000000000     104.0000000000000000      98.0000000000000000      98.0000000000000000
      80.0000000000000000      77.0000000000000000      92.0000000000000000     104.0000000000000000     108.0000000000000000      94.0000000000000000     104.0000000000000000      97.0000000000000000     106.0000000000000000      99.0000000000000000     104.0000000000000000      98.0000000000000000      98.0000000000000000
      80.0000000000000000      77.0000000000000000      92.0000000000000000     104.0000000000000000     108.0000000000000000      94.0000000000000000     104.0000000000000000      97.0000000000000000     106.0000000000000000      99.0000000000000000     104.0000000000000000      98.0000000000000000      98.0000000000000000
      80.0000000000000000      77.0000000000000000      92.0000000000000000     104.0000000000000000     108.0000000000000000      94.0000000000000000     104.0000000000000000      97.0000000000000000     106.0000000000000000      99.0000000000000000     104.0000000000000000      98.0000000000000000      98.0000000000000000
      80.0000000000000000      77.0000000000000000      92.0000000000000000     104.0000000000000000     108.0000000000000000      94.0000000000000000     104.0000000000000000      97.0000000000000000     106.0000000000000000      99.0000000000000000     104.0000000000000000      98.0000000000000000      98.0000000000000000
      80.0000000000000000      77.0000000000000000      92.0000000000000000     104.0000000000000000     108.0000000000000000      94.0000000000000000     104.0000000000000000      97.0000000000000000     106.0000000000000000      99.0000000000000000     104.0000000000000000      98.0000000000000000      98.0000000000000000


     267.6922912597656250     278.6922912597656250     265.6922912597656250     273.6922912597656250     284.6922912597656250     291.6922912597656250     312.6922912597656250     318.6922912597656250     343.6922912597656250     346.6922912597656250     354.6922912597656250     359.6922912597656250     368.6922912597656250
     268.1282043457031250     279.1282043457031250     266.1282043457031250     274.1282043457031250     285.1282043457031250     292.1282043457031250     313.1282043457031250     319.1282043457031250     344.1282043457031250     347.1282043457031250     355.1282043457031250     360.1282043457031250     369.1282043457031250
     268.7384643554687500     279.7384643554687500     266.7384643554687500     274.7384643554687500     285.7384643554687500     292.7384643554687500     313.7384643554687500     319.7384643554687500     344.7384643554687500     347.7384643554687500     355.7384643554687500     360.7384643554687500     369.7384643554687500
     269.0000000000000000     280.0000000000000000     267.0000000000000000     275.0000000000000000     286.0000000000000000     293.0000000000000000     314.0000000000000000     320.0000000000000000     345.0000000000000000     348.0000000000000000     356.0000000000000000     361.0000000000000000     370.0000000000000000
     269.1743469238281250     280.1743469238281250     267.1743469238281250     275.1743469238281250     286.1743469238281250     293.1743469238281250     314.1743469238281250     320.1743469238281250     345.1743469238281250     348.1743469238281250     356.1743469238281250     361.1743469238281250     370.1743469238281250
     286.8524475097656250     297.8524475097656250     284.8524475097656250     292.8524475097656250     303.8524475097656250     310.8524475097656250     331.8524475097656250     337.8524475097656250     362.8524475097656250     365.8524475097656250     373.8524475097656250     378.8524475097656250     387.8524475097656250
     287.1587829589843750     298.1587829589843750     285.1587829589843750     293.1587829589843750     304.1587829589843750     311.1587829589843750     332.1587829589843750     338.1587829589843750     363.1587829589843750     366.1587829589843750     374.1587829589843750     379.1587829589843750     388.1587829589843750
     287.4651489257812500     298.4651489257812500     285.4651489257812500     293.4651489257812500     304.4651489257812500     311.4651489257812500     332.4651489257812500     338.4651489257812500     363.4651489257812500     366.4651489257812500     374.4651489257812500     379.4651489257812500     388.4651489257812500


       0.0298155919223301       0.0297032275809166       0.0316593930615767       0.0303186439905035       0.0283055464857267       0.0298698173136188       0.0297599301608398       0.0290301168458509       0.0286221729257887       0.0280361629881015       0.0269288394383477       0.0269969966982836       0.0269680291409861
       0.0278028666715676       0.0332833304668663       0.0290231068129088       0.0378134660418223       0.0281572203572248       0.0316292944315010       0.0337962281860146       0.0321392085009702       0.0317646472206048       0.0354222610995395       0.0271497520286491       0.0282158504670761       0.0323816578860873
       0.0280010043238214       0.0281201990322814       0.0271353553602041       0.0279668092901276       0.0282000520222423       0.0280748550641120       0.0288989360650193       0.0281650644069274       0.0274616340959197       0.0277923714719872       0.0283959637859215       0.0280795410134453       0.0287309141270292
       0.0297189994156495       0.0309289451703559       0.0301257471305251       0.0303470136776631       0.0315941393161349       0.0313857270370765       0.0324171755502838       0.0310791961507257       0.0302773914635313       0.0307348179376784       0.0301659496861131       0.0304419354665433       0.0295959035974768
       0.0251613287184443       0.0324809394368897       0.0282448786084796       0.0290560672780112       0.0273903338794318       0.0287276128663185       0.0339629545304116       0.0281836967829624       0.0279703023562182       0.0255576311739567       0.0303916629957322       0.0244018591318152       0.0272173118115152
       0.0367575779729196       0.0107091577968659       0.0325808070186898       0.0398331064841221       0.0380076568186801       0.0274483154994231       0.0537065210170342       0.0052067741167401       0.0127135461188761       0.0169186151084026       0.0225141324147200       0.0102148805598448       0.0487761981903963
       0.0331680695102657       0.1462118970879966       0.0229963192283854       0.0375571062728309       0.0289696713849472       0.2446044631250489       0.0045720937239405       0.0441793687805930       0.0819631980777045       0.0027310257347542       0.0052052316803335       0.0049948952303873       0.0039492976562457
       0.0398511664985099       0.0398856697002035       0.0332448014241854       0.0388096955211266       0.0388478811796878       0.0367369227843602       0.0364220836037049       0.0375271645567237       0.0364636454517461       0.0358954161523507       0.0348504929293672       0.0359008546781912       0.0360833337497120


       0.1564266520996989       0.4700801771895873       0.9200069281181783       0.4864686485617453       0.3303557387281749       0.4218718858062117       0.6188523184350702       0.6935093164662721       0.9208104837458589       0.9964420237507338       0.3214610063110252       0.5149966901919898       1.0165476226060728
       2.7552839343400493       1.5671296681925793       1.0313581228386501      -0.1865358153666264       1.0718301838004183       1.1467358933407970       1.1147363997025526       1.6888434343189545       1.5952099205120576       2.5512090121027722       3.1040049377076397       2.7395973347847700       2.9470108932199301
       0.5790108813930133       0.4553034050367992       0.8536029485264383       0.9062469836805611       0.4919929775912414       0.5404654237092924       0.9674424692979434       1.1165124651074068       1.1031121819716960       0.8920345562869559       0.9886552467397700       1.1378693169302956       1.2598996686112929
       0.8091176616259540       0.6617456403292874       1.0990423783443486       1.0434393744058781       0.7617025644430070       0.8402042208974236       1.1696236906303230       1.3238062600970422       1.5307129129233250       1.1326384264249836       1.1859187612678959       1.4401099837326616       1.3089233266387283
       1.1711022971214506       1.5332550758905896       1.2185039227737324       0.9640564345717795       0.8995782115472064       1.1596963221039644       2.2089390091664156       1.2405791391981222       0.9627210590329969       1.0765588972048568       1.5223508710853519       1.5282837132611045       1.9947348901924762
       4.0669140153151826      -0.2663604387997760      -1.6605568157714521      -0.9670258470883353       3.0641583988554313      -1.0986966417113566      -0.6762323370704028      -2.3909215040966405      -4.2293662553819891      -5.3813639413921637       1.4064503369365997       2.8574136114824604       1.7637961539651064
       2.9084544174417850     -12.5827217906727320       2.2340641102827128       2.7970657031261967       2.3706624359206527       5.0734677637011973     -28.8610535376142714       2.8456105831353442       4.3412888091944932      -8.1712582759724430      -5.2272699125528641     -22.5004625406644081      30.8003729855240778
       1.4636734311480009       1.4291080673880887       1.9662251687844405       2.0492662411103604       1.9773421667343474       2.0721690706336200       1.9525520576430171       2.2294607947994654       2.1667376701849399       2.3948968237134367       2.3712914268399872       2.3701900347947125       2.3350926838623667


                      NaN                      NaN                      NaN                      NaN                      NaN                      NaN                      NaN                      NaN                      NaN                      NaN                      NaN                      NaN                      NaN
                      NaN                      NaN                      NaN                      NaN                      NaN                      NaN                      NaN                      NaN                      NaN                      NaN                      NaN                      NaN                      NaN
                      NaN                      NaN                      NaN                      NaN                      NaN                      NaN                      NaN                      NaN                      NaN                      NaN                      NaN                      NaN                      NaN
                      NaN                      NaN                      NaN                      NaN                      NaN                      NaN                      NaN                      NaN                      NaN                      NaN                      NaN                      NaN                      NaN
                      NaN                      NaN                      NaN                      NaN                      NaN                      NaN                      NaN                      NaN                      NaN                      NaN                      NaN                      NaN                      NaN
       1.8430652364944826       5.8483279861335316       1.9872044852888111      -4.6181614572729375       4.2662880343795262      -2.8089999627734654       2.7787962834636550       0.1078429931991958      -4.3527771615279729      -7.1107465748802721      -2.3178819277273868      -2.7167808259327022      -3.2756901273104999
                      NaN                      NaN                      NaN                      NaN                      NaN                      NaN                      NaN                      NaN                      NaN                      NaN                      NaN                      NaN                      NaN
                      NaN                      NaN                      NaN                      NaN                      NaN                      NaN                      NaN                      NaN                      NaN                      NaN                      NaN                      NaN                      NaN


